-0.05799,0.17993,0.98197
-0.01018,-0.28848,-0.95743
-0.18562,0.032422,-0.98209
0.032465,-0.039287,-0.9987
0.29974,0.0028596,-0.95402
0.061479,0.35682,-0.93215
-0.29283,-0.57122,-0.76678
-0.089945,-0.62246,-0.77747
0.17205,-0.60712,-0.77576
-0.45367,-0.43005,-0.78054
-0.2118,-0.40681,-0.88862
0.018069,-0.48033,-0.8769
0.21307,-0.39789,-0.89235
0.39282,-0.4442,-0.80522
-0.61084,-0.28324,-0.73935
-0.40112,-0.23557,-0.88521
-0.19348,-0.1814,-0.96419
-0.01447,-0.17559,-0.77903
0.18133,-0.19247,-0.9644
0.39844,-0.20848,-0.89319
0.56971,-0.29833,-0.76579
-0.57988,-0.063311,-0.81224
-0.39465,-0.0024664,-0.91883
-0.22532,-0.081861,-0.77789
-0.0075994,0.060276,-0.80876
0.1944,-0.052069,-0.7809
0.52351,0.0096762,-0.85197
0.6429,-0.11774,-0.75684
-0.52431,0.16891,-0.83461
-0.31613,0.23804,-0.91837
-0.078512,0.20675,-0.97524
-0.053769,0.28827,-0.7389
0.16159,0.16172,-0.97352
0.3932,0.22072,-0.89257
0.59651,0.23062,-0.76876
-0.41834,0.40247,-0.81425
-0.1714,0.42258,-0.88997
0.051401,0.5411,-0.83938
0.26784,0.3936,-0.8794
0.47079,0.43322,-0.76856
-0.26866,0.59112,-0.76052
0.076437,0.71626,-0.69364
0.27824,0.59233,-0.75612
-0.22403,-0.76696,-0.60131
0.0025483,-0.74916,-0.66239
0.22327,-0.75493,-0.61663
-0.43834,-0.63762,-0.63348
-0.20325,-0.53395,-0.58992
-0.0015422,-0.54409,-0.53119
0.20104,-0.48544,-0.63966
0.40772,-0.61939,-0.67092
-0.62919,-0.49179,-0.60189
-0.41446,-0.39128,-0.56795
-0.23515,-0.31563,-0.71147
-0.0261,-0.39128,-0.70784
0.20446,-0.27199,-0.73028
0.39659,-0.37033,-0.58994
0.60178,-0.46547,-0.649
-0.75909,-0.31994,-0.56694
-0.57794,-0.20943,-0.51993
-0.41454,-0.17659,-0.68711
-0.3231,-0.19701,-0.48677
-0.13144,-0.16653,-0.57692
0.23785,-0.21946,-0.51474
0.40188,-0.13937,-0.68202
0.57939,-0.25122,-0.53522
0.77094,-0.20336,-0.60357
-0.75357,-0.095163,-0.65044
-0.54204,0.0060258,-0.61938
-0.32767,0.019932,-0.60318
-0.090856,0.042921,-0.62789
0.094414,-0.065064,-0.59491
0.27693,0.065819,-0.55551
0.37908,0.070772,-0.74146
0.52876,0.070763,-0.59821
0.73088,0.047944,-0.68082
-0.70471,0.13615,-0.69631
-0.60251,0.18919,-0.50421
-0.42059,0.20685,-0.66306
-0.23683,0.1542,-0.77643
0.071881,0.18254,-0.57758
0.1738,0.1852,-0.76839
0.35315,0.2688,-0.65956
0.53627,0.30753,-0.55555
0.77299,0.23858,-0.58785
-0.62042,0.35499,-0.69933
-0.44343,0.38947,-0.54824
-0.25101,0.37776,-0.66279
-0.037202,0.41416,-0.52882
0.14262,0.4006,-0.68692
0.34459,0.47645,-0.57426
0.657,0.43772,-0.6138
-0.48513,0.56616,-0.66642
-0.38343,0.71731,-0.58176
-0.073366,0.5435,-0.6925
0.13781,0.58028,-0.54486
0.49191,0.62025,-0.611
-0.15106,0.75818,-0.63431
0.11156,0.84453,-0.52376
0.30997,0.74969,-0.58471
-0.38276,-0.80894,-0.44623
-0.19428,-0.90782,-0.37165
0.0055407,-0.86819,-0.4962
0.21285,-0.88922,-0.40494
0.39807,-0.78118,-0.48093
-0.57124,-0.67537,-0.46643
-0.35061,-0.57593,-0.44486
-0.11453,-0.70126,-0.41907
0.074805,-0.57676,-0.28193
0.15072,-0.67051,-0.46339
0.38058,-0.5623,-0.45486
0.5973,-0.6191,-0.50985
-0.8192,-0.4142,-0.39667
-0.573,-0.43176,-0.40241
-0.33721,-0.40556,-0.32074
-0.1705,-0.37261,-0.47871
0.04888,-0.30176,-0.54378
0.20211,-0.44298,-0.43289
0.39287,-0.33341,-0.35283
0.57404,-0.42212,-0.39321
0.76812,-0.41269,-0.48957
-0.87387,-0.16066,-0.45884
-0.70489,-0.24371,-0.31639
-0.45453,-0.24355,-0.34439
-0.17946,-0.23859,-0.28829
0.001359,-0.38429,-0.32203
0.21832,-0.047873,-0.38748
0.42621,-0.1303,-0.47473
0.73825,-0.23462,-0.33318
0.89062,-0.18763,-0.41423
-0.84857,0.088292,-0.52167
-0.68751,-0.028137,-0.41523
-0.46625,-0.0093265,-0.40564
-0.21468,-0.010634,-0.42109
-0.00454,-0.15225,-0.38179
0.17714,0.16367,-0.33877
0.45772,0.035022,-0.37919
0.66297,-0.054284,-0.46542
0.86727,0.022958,-0.49731
-0.91727,0.23597,-0.32084
-0.75593,0.19018,-0.33014
-0.398,0.193,-0.41575
-0.18871,0.21258,-0.53498
-0.011742,0.0636,-0.40009
0.2088,0.31844,-0.48011
0.40978,0.2187,-0.41476
0.66606,0.16038,-0.40783
0.90304,0.21136,-0.37396
-0.78352,0.32054,-0.53231
-0.57882,0.37391,-0.37208
-0.26875,0.39075,-0.39814
-0.24658,0.56024,-0.5185
-0.028026,0.28693,-0.38259
0.16586,0.47359,-0.3656
0.42264,0.44749,-0.38398
0.61774,0.37242,-0.35105
0.81363,0.4007,-0.42123
-0.65828,0.52848,-0.53608
-0.45192,0.56777,-0.40112
-0.2508,0.69847,-0.32916
-0.045481,0.67142,-0.46586
0.13845,0.71012,-0.32384
0.3327,0.63731,-0.40483
0.64895,0.59939,-0.4686
-0.52181,0.75692,-0.39343
-0.30632,0.84306,-0.44206
-0.096825,0.8872,-0.45111
0.29281,0.87854,-0.37741
0.50238,0.76702,-0.39913
0.0016665,-0.96151,-0.27477
-0.549,-0.79189,-0.2674
-0.3569,-0.9102,-0.21014
-0.14752,-0.98203,-0.11771
0.047721,-0.78037,-0.25943
0.087888,-0.99461,-0.05496
0.43358,-0.87524,-0.21441
0.64238,-0.75349,-0.14004
-0.72061,-0.60347,-0.34139
-0.50573,-0.58488,-0.23949
-0.31384,-0.69062,-0.27256
-0.1599,-0.76777,-0.16395
0.18842,-0.69999,-0.10091
0.29664,-0.71236,-0.2906
0.23156,-0.95071,-0.20621
0.5543,-0.75689,-0.34623
0.73477,-0.59605,-0.32379
-0.93393,-0.25115,-0.25436
-0.69039,-0.44985,-0.17229
-0.33925,-0.49207,-0.13506
-0.15024,-0.5412,-0.29843
0.10812,-0.44643,-0.091552
0.29054,-0.50282,-0.22415
0.50693,-0.57274,-0.24429
0.6881,-0.40315,-0.18069
0.87167,-0.404,-0.27743
-0.98953,-0.10684,-0.097023
-0.54404,-0.35114,-0.16306
-0.35429,-0.26075,-0.11598
-0.13065,-0.39882,-0.12373
0.040075,-0.22208,-0.13728
0.18202,-0.27235,-0.28724
0.36548,-0.13203,-0.22889
0.56831,-0.19589,-0.28278
0.96128,-0.1995,-0.1901
-0.94603,-0.00072867,-0.32409
-0.79031,-0.027034,-0.21161
-0.55518,-0.11022,-0.20553
-0.4057,0.098636,-0.17305
-0.31958,-0.076527,-0.24773
-0.11877,-0.018574,-0.19141
0.12038,-0.033816,-0.21067
0.34232,0.079255,-0.19894
0.58701,-0.0040599,-0.21258
0.78332,-0.00675,-0.26142
0.96435,-0.0016243,-0.26461
-0.9834,0.13111,-0.12542
-0.58791,0.14043,-0.25422
-0.41966,0.30787,-0.19153
-0.22353,0.1644,-0.29773
-0.014366,0.16638,-0.16481
0.30587,0.31344,-0.23203
0.46802,0.40933,-0.13206
0.52806,0.20512,-0.19777
0.9689,0.18589,-0.16334
-0.91437,0.38107,-0.1368
-0.673,0.35354,-0.17952
-0.3638,0.49693,-0.21051
-0.16725,0.36066,-0.21276
0.082486,0.35075,-0.21136
0.2956,0.5457,-0.17075
0.67926,0.42293,-0.14212
0.74355,0.20841,-0.19451
0.89744,0.40106,-0.18371
-0.82269,0.44768,-0.35038
-0.57867,0.53094,-0.18663
-0.41248,0.69818,-0.17087
-0.18019,0.57723,-0.14925
-0.065155,0.52915,-0.33248
0.070536,0.56687,-0.15453
0.34167,0.73401,-0.19207
0.52952,0.58894,-0.26125
0.76001,0.57843,-0.29631
-0.69638,0.62496,-0.35281
-0.40993,0.88416,-0.22411
-0.19295,0.94675,-0.25776
-0.048811,0.76541,-0.22119
0.21208,0.96149,-0.17481
0.44788,0.87561,-0.18089
0.63053,0.7557,-0.17706
0.06022,0.94787,-0.3129
-0.31526,-0.94872,0.023474
-0.086983,-0.9899,0.11192
0.32168,-0.94682,-0.0072621
-0.7127,-0.68967,-0.12811
-0.53805,-0.84169,-0.045424
-0.17681,-0.76611,0.083949
0.026867,-0.81674,-0.013948
0.24335,-0.77467,0.087904
0.51552,-0.85591,0.04075
0.68755,-0.72039,0.091193
-0.8171,-0.57566,0.03112
-0.54389,-0.58374,-0.006899
-0.38261,-0.73663,-0.061268
-0.27404,-0.57841,0.0084672
-0.046046,-0.61332,-0.080969
0.34122,-0.52108,-0.0053801
0.41311,-0.7071,-0.085727
0.58634,-0.54999,-0.01268
0.79851,-0.59236,-0.1072
-0.86406,-0.47208,-0.17475
-0.70633,-0.40355,0.041697
-0.47306,-0.39269,0.043755
-0.2247,-0.37139,0.070984
-0.052184,-0.52755,0.1035
0.22426,-0.32223,0.077387
0.49256,-0.37213,-0.14251
0.70017,-0.34243,0.032073
0.91484,-0.40008,-0.054713
-0.93848,-0.34473,-0.020574
-0.7586,-0.21636,-0.086272
-0.56127,-0.19623,0.025339
-0.32727,-0.22153,0.12906
-0.17363,-0.16321,-0.048555
-0.0093755,-0.28794,0.058055
0.29692,-0.29976,-0.10406
0.47003,-0.3414,0.088286
0.51204,-0.16999,-0.049273
0.75274,-0.18044,-0.0941
0.97484,-0.22078,0.030842
-0.9943,0.06558,0.084088
-0.81818,-0.015151,0.038833
-0.62292,0.018938,-0.065733
-0.38402,-0.046106,-0.024972
-0.17747,0.05854,0.0455
0.022304,-0.025329,0.00017876
0.2466,-0.10123,-0.038701
0.43768,0.034841,-0.0034128
0.66126,0.039882,-0.023428
0.84355,0.03265,-0.026254
0.99989,-0.005866,-0.013288
-0.95108,0.30126,0.06851
-0.78973,0.19007,-0.088198
-0.57522,0.22326,2.6109e-05
-0.39366,0.18269,0.0488
-0.21405,0.19945,-0.069024
0.015765,0.20924,0.065308
0.18738,0.15122,-0.078497
0.37741,0.23584,0.0035254
0.57961,0.25768,0.019523
0.78275,0.2702,0.016309
0.96588,0.25748,0.027941
-0.8636,0.49611,0.089835
-0.71116,0.42696,0.017477
-0.4877,0.4274,0.007404
-0.27817,0.40945,0.0038884
-0.058891,0.39587,-0.029334
0.18808,0.3828,-0.032496
0.38127,0.47384,0.068097
0.63977,0.46702,0.069195
0.87193,0.48667,0.053768
-0.80193,0.58012,-0.14274
-0.71848,0.69472,0.033897
-0.5401,0.62851,0.026324
-0.32639,0.63221,0.023364
-0.059223,0.62693,0.011286
0.18555,0.59431,0.043295
0.35493,0.72214,0.021855
0.52343,0.61552,-0.036651
0.78416,0.61356,-0.092938
-0.62675,0.75983,-0.17275
-0.50796,0.86137,0.0032522
-0.21255,0.79886,-0.07974
-0.01352,0.8089,0.057338
0.13873,0.78712,-0.087516
0.54443,0.83794,0.038217
0.7124,0.69694,0.082266
-0.29134,0.95618,-0.028913
-0.037337,0.99402,-0.10266
0.33021,0.94388,0.007194
-0.02959,-0.94327,0.3307
-0.65652,-0.74586,0.11257
-0.45768,-0.87165,0.17539
-0.25338,-0.93159,0.26065
0.02313,-0.7621,0.20157
0.1484,-0.97515,0.16448
0.37391,-0.89776,0.23285
0.57337,-0.7696,0.28101
-0.76995,-0.58712,0.24993
-0.57555,-0.55636,0.22136
-0.3917,-0.70217,0.17717
-0.21338,-0.55057,0.2336
0.0040891,-0.56335,0.33709
0.14583,-0.57005,0.11086
0.42638,-0.66928,0.15056
0.74735,-0.59436,0.297
0.83165,-0.54435,0.10974
-0.89448,-0.40047,0.19884
-0.66174,-0.36544,0.23646
-0.41165,-0.45839,0.19948
-0.1263,-0.32207,0.27179
0.077144,-0.37507,0.24445
0.32309,-0.46513,0.22733
0.57396,-0.51545,0.19998
0.70674,-0.34207,0.22517
0.91256,-0.35581,0.20159
-0.97542,-0.1823,0.12378
-0.75782,-0.18575,0.16317
-0.51013,-0.22005,0.24245
-0.28539,-0.12941,0.34693
-0.13568,-0.10818,0.18102
0.10846,-0.13609,0.16092
0.47858,-0.28013,0.294
0.7913,-0.12604,0.14941
0.97156,-0.095326,0.21676
-0.95545,-0.038318,0.29267
-0.75465,0.0053141,0.29053
-0.58978,0.0059129,0.12794
-0.38043,-0.015096,0.1831
-0.26765,0.11619,0.25021
-0.0027244,0.070151,0.23077
0.21481,0.065775,0.12283
0.3644,-0.12486,0.15275
0.6,-0.12519,0.14381
0.79108,0.12555,0.19292
0.91567,0.019838,0.40143
-0.94624,0.18652,0.26427
-0.75953,0.18868,0.13841
-0.53352,0.16822,0.27046
-0.4305,0.32093,0.19599
-0.17937,0.29188,0.17032
0.23185,0.28597,0.15196
0.398,0.11862,0.23238
0.58926,0.1127,0.17585
0.97211,0.12702,0.19715
-0.86948,0.38399,0.31074
-0.66976,0.36541,0.20776
-0.33707,0.48726,0.22284
-0.19509,0.40696,0.39195
0.03717,0.43022,0.14834
0.2424,0.46132,0.26557
0.46918,0.33651,0.21837
0.69884,0.33939,0.23919
0.90216,0.36064,0.23676
-0.75427,0.61175,0.2384
-0.56263,0.53613,0.22672
-0.39969,0.69121,0.23183
-0.1477,0.5419,0.18606
0.086551,0.63074,0.21197
0.18646,0.81532,0.16902
0.35367,0.66686,0.22945
0.54025,0.55845,0.22701
0.77275,0.57733,0.26372
-0.57952,0.78602,0.21523
-0.36777,0.91171,0.18313
-0.13158,0.98419,0.1186
-0.20839,0.76674,0.1616
0.12209,0.99078,0.058787
0.39161,0.89473,0.21471
0.58552,0.76776,0.26022
0.036194,0.96271,0.26812
-0.57248,-0.74737,0.33719
-0.37777,-0.82554,0.41925
-0.14479,-0.85837,0.49217
0.18596,-0.90725,0.37724
0.40213,-0.80162,0.44237
-0.65803,-0.5991,0.45616
-0.39235,-0.59118,0.39771
-0.18396,-0.72616,0.32053
0.031889,-0.73568,0.44605
0.22772,-0.69212,0.30208
0.42295,-0.58225,0.37527
0.60952,-0.63828,0.4702
-0.79218,-0.43155,0.43153
-0.54728,-0.39928,0.42271
-0.33691,-0.34825,0.34555
-0.17651,-0.4673,0.43774
0.0053405,-0.35137,0.49044
0.18169,-0.46252,0.40939
0.35146,-0.36132,0.45937
0.58555,-0.41714,0.41323
0.79349,-0.43434,0.42628
-0.9005,-0.24218,0.36118
-0.68222,-0.19857,0.39891
-0.4348,-0.18237,0.48569
-0.18844,-0.24594,0.51599
0.012818,-0.15747,0.36166
0.2461,-0.24587,0.30304
0.38004,-0.12916,0.47338
0.67946,-0.19226,0.38065
0.89501,-0.22758,0.38363
-0.85615,-0.061487,0.51305
-0.62866,-0.0019349,0.51597
-0.53055,-0.030748,0.34896
-0.14188,-0.015197,0.4225
0.064219,0.071523,0.44328
0.22832,-0.028332,0.34096
0.50025,-0.042431,0.33333
0.73425,0.0018526,0.35382
0.81867,-0.10813,0.56399
-0.87753,0.15433,0.45401
-0.70538,0.20445,0.38103
-0.37832,0.070355,0.45074
-0.13501,0.18621,0.39027
0.026015,0.30048,0.30529
0.19797,0.20402,0.33505
0.38486,0.10293,0.47659
0.62106,0.18921,0.39015
0.87642,0.23496,0.42035
-0.73268,0.52826,0.42911
-0.55983,0.39176,0.41325
-0.36178,0.29181,0.39387
-0.20163,0.5093,0.57746
-0.0086349,0.51037,0.38381
0.17257,0.42528,0.46755
0.37815,0.30177,0.40021
0.57411,0.41543,0.42328
0.77765,0.44361,0.4455
-0.58438,0.69084,0.42573
-0.40562,0.54887,0.43185
-0.22043,0.65893,0.39227
-0.033954,0.75358,0.30544
0.19166,0.67716,0.395
0.39308,0.54968,0.42218
0.62196,0.64251,0.4476
-0.395,0.82308,0.40806
-0.18659,0.91934,0.34639
0.033409,0.87071,0.49066
0.22827,0.89853,0.37488
0.42455,0.79482,0.43362
-0.2802,-0.7309,0.62231
-0.01624,-0.74602,0.66573
0.19988,-0.79579,0.57164
-0.48599,-0.66028,0.57257
-0.18586,-0.61415,0.52973
0.020667,-0.53895,0.59852
0.23604,-0.60278,0.51448
0.42489,-0.66055,0.61899
-0.6152,-0.46512,0.63655
-0.37638,-0.42232,0.57123
-0.16654,-0.41049,0.67814
0.025518,-0.30754,0.73671
0.19675,-0.40733,0.66069
0.42429,-0.45251,0.59183
0.61474,-0.47741,0.62783
-0.76495,-0.27588,0.58202
-0.57261,-0.24312,0.61807
-0.34493,-0.23208,0.69701
-0.16157,-0.18015,0.77175
-0.010056,-0.1221,0.60047
0.17215,-0.22069,0.52259
0.35644,-0.23983,0.68294
0.54508,-0.22578,0.55418
0.74533,-0.30197,0.59438
-0.75681,0.14765,0.63674
-0.71132,-0.076151,0.69873
-0.45613,-0.022682,0.66647
-0.24796,-0.037448,0.6025
-0.026856,0.095376,0.62494
0.20998,-0.011851,0.59405
0.41624,-0.028634,0.69806
0.5921,-0.00070355,0.5468
0.79134,0.10382,0.6025
-0.75757,0.35668,0.54668
-0.54311,0.19988,0.54101
-0.39003,0.1735,0.69628
-0.22606,0.20478,0.56436
-0.018776,0.31362,0.54119
0.19013,0.21716,0.56207
0.36957,0.18201,0.69887
0.54957,0.22763,0.57934
0.7265,0.30405,0.61624
-0.57349,0.53693,0.61872
-0.39589,0.38851,0.59871
-0.19884,0.32853,0.7247
0.0028363,0.46296,0.66905
0.18345,0.34184,0.71939
0.3816,0.39291,0.5948
0.59797,0.49218,0.6326
-0.39665,0.69384,0.60105
-0.19983,0.68571,0.6999
-0.0078888,0.64274,0.52104
0.21405,0.56647,0.60317
0.43821,0.6581,0.61227
-0.18016,0.81937,0.54422
0.027778,0.72138,0.69198
0.23102,0.77159,0.59269
-0.38576,-0.54667,0.7432
-0.16795,-0.59848,0.78333
0.22075,-0.63576,0.73965
-0.49196,-0.35131,0.79659
-0.27382,-0.38506,0.88134
0.043767,-0.56729,0.82236
0.19513,-0.42075,0.88594
0.39758,-0.47459,0.7853
-0.5478,-0.13183,0.82616
-0.34812,-0.16933,0.92203
-0.10459,-0.2098,0.97213
0.18709,-0.15569,0.76702
0.11597,-0.22948,0.96638
0.3522,-0.26322,0.89815
0.56074,-0.30269,0.77068
-0.60012,0.12103,0.7907
-0.42105,0.049645,0.90568
-0.20514,0.069144,0.78073
0.0015404,-0.034282,0.81798
0.1873,0.09107,0.78295
0.4937,-0.088848,0.86508
0.67417,-0.10114,0.73162
-0.6057,0.34179,0.71854
-0.43031,0.31578,0.84564
-0.27662,0.20281,0.93934
-0.0080006,0.22683,0.78047
0.17747,0.1916,0.9653
0.41223,0.13682,0.90075
0.61914,0.1168,0.77655
-0.35897,0.52193,0.77377
-0.18248,0.38573,0.90439
0.056579,0.39343,0.91761
0.30478,0.35236,0.88484
0.52564,0.32956,0.78428
-0.099065,0.55683,0.8247
0.15976,0.56662,0.80834
0.37912,0.51928,0.76591
-0.056929,-0.40718,0.91157
-0.18942,-0.014828,0.98178
0.061202,-0.011942,0.99805
0.28351,-0.042753,0.95802
connectivity
158,164,93,92
157,92,158,86
157,164,158,92
165,93,158,164
348,357,347,425
348,347,420,425
340,348,347,420
340,260,348,261
340,347,348,260
159,165,158,164
159,243,165,164
159,244,165,243
159,158,165,93
228,135,220,306
219,227,228,152
219,228,135,152
219,135,228,306
166,159,165,160
166,165,159,244
287,288,203,299
84,146,138,147
84,146,75,138
84,156,146,147
149,158,150,86
149,157,158,86
149,157,148,233
149,233,225,234
120,128,129,66
256,251,172,174
256,172,169,174
256,169,172,180
331,244,159,243
171,250,172,180
171,170,179,100
432,347,357,425
441,442,450,504
441,432,442,504
441,366,442,357
441,442,432,357
270,260,187,261
270,348,260,261
270,271,348,261
270,348,271,357
270,347,348,357
270,348,347,260
270,269,187,260
270,187,269,279
270,357,271,280
270,366,357,280
270,279,366,280
512,503,560,511
559,560,553,510
559,586,557,558
242,158,164,234
242,158,157,164
242,233,149,234
242,157,149,233
242,149,158,234
242,149,157,158
55,18,25,19
316,228,220,306
211,220,135,306
210,295,211,306
210,211,135,306
210,306,219,294
210,135,219,306
210,295,306,294
87,92,35,86
202,275,118,119
202,286,287,212
49,63,55,116
49,55,54,116
49,8,54,11
235,164,158,234
235,331,159,243
235,159,158,164
235,243,159,164
237,227,150,152
237,228,227,152
237,153,228,152
36,87,35,29
85,92,157,86
85,35,92,86
85,157,149,86
85,148,149,157
249,333,246,337
213,214,129,138
213,128,129,203
213,129,214,203
213,287,128,203
213,214,138,147
213,138,146,147
213,202,287,212
213,287,202,128
167,247,246,239
137,27,75,66
137,75,138,66
137,75,146,138
137,138,129,66
137,129,128,66
137,146,213,138
137,213,202,128
137,213,129,138
137,129,213,128
137,213,146,212
137,202,213,212
91,90,96,39
91,163,96,154
91,96,90,154
83,91,84,34
83,39,91,34
83,90,91,39
83,91,90,154
4,25,18,19
4,25,32,3
4,18,25,3
173,256,169,174
173,169,256,180
173,102,103,169
178,170,254,261
178,170,105,100
178,179,170,100
178,105,179,100
262,178,254,261
262,171,179,180
262,250,341,254
262,250,171,180
262,171,250,254
262,178,170,254
262,178,179,170
262,170,171,254
262,179,171,170
151,159,165,93
151,158,159,93
151,150,159,158
151,159,237,160
151,150,237,159
151,87,150,86
151,150,158,86
151,92,87,86
151,158,92,86
151,158,93,92
218,150,227,152
218,227,219,152
312,311,403,321
375,442,366,452
375,366,376,452
375,442,441,366
375,441,442,450
375,385,386,289
282,369,281,272
46,51,105,113
199,295,210,294
199,210,295,200
199,295,284,200
285,284,286,275
252,256,181,174
277,287,288,203
552,559,557,558
552,559,510,557
552,559,553,510
495,429,491,428
495,491,429,424
367,271,357,280
367,281,271,280
367,281,368,434
367,442,443,452
367,366,442,452
367,442,366,357
367,368,443,434
367,443,368,452
367,357,366,280
367,366,376,280
367,376,366,452
451,450,442,504
451,443,442,452
451,442,375,452
451,375,442,450
336,244,331,243
336,331,244,337
336,414,331,337
140,225,149,233
140,149,148,233
140,130,131,204
78,87,35,86
78,35,85,86
78,85,35,28
78,35,29,28
101,172,169,180
101,171,172,180
101,179,171,180
101,171,179,100
101,169,173,180
101,102,173,169
349,341,421,420
349,348,340,420
349,340,341,420
349,340,348,261
349,421,341,342
349,254,340,261
349,262,254,261
349,341,340,254
349,262,341,254
349,341,262,250
585,557,586,558
585,564,557,558
585,564,586,557
139,130,140,204
139,140,148,233
139,140,130,148
139,224,225,233
139,225,140,233
253,187,269,260
253,254,170,261
253,340,254,261
253,260,340,261
253,187,260,261
253,170,178,261
253,178,187,261
112,51,58,113
107,102,43,44
107,102,101,43
107,173,101,102
107,101,179,100
107,43,101,100
107,179,101,180
107,101,173,180
7,54,8,11
356,270,347,260
356,347,270,357
356,441,366,365
356,366,441,357
356,270,366,357
356,432,347,357
356,441,432,357
278,269,186,279
278,279,195,365
278,279,186,195
278,270,269,279
278,366,279,365
278,270,279,366
278,356,366,365
278,356,270,366
278,269,270,260
278,270,356,260
487,545,486,481
248,247,327,334
248,327,247,239
544,581,541,545
544,541,581,534
544,581,580,534
567,512,560,511
430,346,431,424
430,495,429,424
64,25,55,63
64,55,25,19
64,20,13,19
64,13,55,19
64,26,20,19
64,25,4,19
64,20,26,27
60,21,22,15
60,15,53,9
24,2,30,3
24,30,32,3
24,32,25,3
201,295,210,200
201,211,210,295
201,63,118,200
201,127,118,63
201,118,284,200
201,202,118,127
201,284,295,200
201,284,286,295
201,284,118,275
201,118,202,275
201,286,202,212
201,286,284,275
201,202,286,275
191,284,118,200
191,118,284,275
48,49,8,54
48,7,8,44
48,8,7,54
48,49,54,116
48,54,115,116
329,243,235,164
329,242,164,234
329,164,235,234
94,36,37,31
94,87,36,31
229,221,316,220
229,316,228,220
229,228,153,220
229,220,153,154
229,221,220,154
245,333,249,337
245,159,331,244
245,237,159,160
245,244,331,337
245,249,244,337
245,166,159,244
245,249,166,244
245,159,166,160
97,41,94,37
97,94,41,160
97,166,165,160
97,166,160,98
97,160,41,98
97,151,94,160
97,151,165,93
97,165,159,160
97,159,151,160
97,151,159,165
5,31,36,30
5,37,36,31
5,24,31,30
296,201,286,295
296,211,201,295
296,211,295,306
296,286,201,212
296,201,211,212
380,296,295,306
380,306,295,294
380,391,390,464
380,390,379,464
95,41,160,98
95,99,41,98
95,41,94,160
95,94,41,37
95,237,153,160
42,90,38,39
42,96,90,39
42,99,90,96
42,95,90,99
42,41,95,99
42,95,41,37
162,229,153,154
162,96,163,154
162,90,96,154
162,90,99,96
162,90,95,99
162,153,90,154
162,95,90,153
65,27,137,66
65,20,27,66
65,20,66,57
65,20,64,27
65,137,128,66
65,202,137,127
65,57,120,119
65,66,120,57
65,120,128,119
65,128,120,66
65,128,202,119
65,137,202,128
65,202,118,119
65,118,202,127
74,146,137,75
74,65,137,127
74,64,65,127
74,84,146,75
74,84,83,146
74,137,65,27
74,65,64,27
74,137,27,75
74,84,75,34
74,83,84,34
74,27,26,75
74,64,26,27
74,75,26,34
143,135,80,152
143,219,135,152
143,218,219,152
143,219,210,135
89,42,90,38
89,42,95,90
89,42,38,37
89,95,42,37
89,37,5,31
89,38,5,37
89,94,37,31
89,94,95,37
104,182,103,175
104,184,182,175
104,182,184,110
111,120,57,119
111,185,120,119
111,57,110,119
111,104,184,110
263,262,179,180
263,262,349,261
444,368,443,516
444,443,368,434
374,441,375,450
374,385,375,289
374,366,441,365
374,375,441,366
300,312,224,311
300,386,394,385
300,386,385,289
320,233,242,234
320,311,312,321
320,224,312,311
320,225,233,234
320,225,224,233
320,329,321,234
320,242,329,234
320,312,225,234
320,312,224,225
359,281,272,434
359,281,369,272
359,368,281,434
359,369,281,368
359,435,444,434
359,444,368,434
196,270,271,280
196,114,178,113
196,178,187,113
196,279,270,280
196,187,270,279
196,271,270,261
196,270,187,261
196,187,178,261
197,281,271,272
197,282,281,272
197,198,282,272
197,271,281,280
197,196,271,280
124,198,197,114
124,282,197,198
124,199,282,198
370,295,199,294
370,369,379,294
370,379,380,294
370,380,295,294
423,345,429,424
423,429,491,424
423,491,429,428
176,267,258,259
257,252,258,345
257,252,256,181
257,256,352,181
257,429,423,345
257,256,252,174
183,173,169,174
183,173,103,169
183,252,181,174
183,181,256,174
183,256,173,174
183,173,256,181
183,182,173,181
183,103,173,182
183,175,182,181
183,103,182,175
353,258,259,346
353,258,267,259
353,345,258,346
353,257,258,345
353,429,257,345
353,429,430,361
353,352,429,361
353,352,257,429
353,345,346,424
353,346,430,424
353,429,345,424
353,430,429,424
194,129,128,203
194,129,120,128
194,128,287,203
194,287,277,203
194,128,120,119
194,120,185,119
276,277,287,288
276,287,372,288
276,267,285,275
276,285,286,275
482,537,483,542
482,410,418,483
482,545,541,542
482,541,545,481
364,276,372,288
364,277,276,288
458,512,567,511
382,287,276,286
382,372,276,287
382,276,285,286
293,281,282,369
293,379,369,294
293,369,282,294
453,368,444,516
404,312,403,321
404,403,412,321
480,487,486,481
496,430,431,424
496,495,430,424
496,491,495,424
496,548,495,491
351,429,495,428
343,251,339,342
343,429,351,428
343,352,351,429
343,352,257,256
343,257,352,429
343,423,429,428
343,339,423,428
422,491,423,428
422,423,339,428
494,351,495,428
494,493,351,428
494,495,491,428
494,495,548,491
494,493,499,435
494,351,493,435
426,348,420,425
426,349,421,420
426,348,349,420
358,281,367,434
358,367,281,271
358,272,281,434
358,271,281,272
358,271,348,357
358,367,271,357
358,263,271,272
358,349,426,348
358,348,271,261
358,349,348,261
358,271,263,261
358,263,349,261
506,443,515,516
506,444,443,516
506,507,444,516
506,499,444,507
514,450,451,504
514,513,451,450
121,131,130,204
121,130,131,67
205,140,131,204
205,186,195,204
205,186,279,195
205,131,121,204
205,121,186,204
205,195,215,204
205,215,139,204
205,139,140,204
205,140,139,215
141,149,150,86
76,131,130,67
76,85,78,28
490,548,494,551
490,494,548,491
490,422,493,428
490,493,494,428
490,491,422,428
490,494,491,428
555,506,554,515
576,533,580,534
177,269,253,187
177,112,269,187
177,253,178,187
177,112,187,113
177,178,105,113
177,187,178,113
177,105,178,170
177,178,253,170
177,105,51,113
177,51,112,113
106,46,43,100
106,107,179,100
106,43,107,100
106,46,105,113
106,179,105,100
106,105,46,100
106,178,114,113
106,105,178,113
106,178,179,114
106,179,178,105
108,173,182,181
108,182,191,181
419,414,480,485
419,480,486,485
419,480,487,486
338,333,246,239
338,246,247,239
415,336,414,331
415,480,414,485
240,327,248,239
240,229,327,239
240,229,162,154
240,162,229,239
240,221,229,154
240,229,221,327
240,162,163,154
240,248,247,239
563,555,507,584
563,506,515,516
563,506,555,515
563,507,564,584
563,507,506,516
563,555,506,507
543,486,480,485
571,526,533,534
571,533,576,534
582,541,545,542
582,541,581,545
457,467,384,383
401,402,467,383
401,309,402,383
335,248,327,334
335,327,410,334
335,410,418,334
488,545,487,481
488,545,482,542
488,482,545,481
488,482,483,542
488,482,418,483
519,560,510,511
519,567,560,511
519,510,447,511
519,518,447,510
519,518,465,447
519,510,559,557
519,518,510,557
437,430,429,361
437,430,495,429
437,495,351,429
437,429,352,361
437,351,352,429
437,360,446,361
437,352,360,361
437,352,351,360
437,494,351,495
371,446,285,361
371,456,447,511
438,447,510,511
438,437,430,495
438,371,447,511
438,430,437,361
438,371,430,361
438,371,446,447
438,437,446,361
438,446,371,361
10,1,54,11
10,54,7,11
10,6,7,54
10,53,16,15
10,53,15,9
10,6,53,9
12,18,55,19
12,55,13,19
12,1,55,18
12,54,1,11
12,55,1,54
12,8,49,11
12,13,49,8
12,49,13,55
12,49,54,11
12,49,55,54
56,64,55,63
56,64,13,55
56,55,49,63
56,13,49,55
56,127,64,63
56,65,64,127
56,13,64,20
56,64,65,20
56,118,127,63
56,118,65,127
56,13,20,57
56,20,65,57
56,118,110,119
56,65,118,119
56,110,57,119
56,57,65,119
123,124,197,114
123,197,196,114
123,114,196,113
62,115,54,116
62,115,53,54
14,15,60,9
14,21,60,15
109,48,49,8
109,102,107,44
109,107,48,44
109,182,104,110
109,103,104,182
109,108,48,107
109,173,102,103
109,173,107,102
109,108,107,173
109,173,103,182
109,108,173,182
330,235,329,243
330,331,235,243
330,336,331,243
317,221,229,327
317,229,316,325
317,229,221,316
238,237,228,227
238,229,333,325
238,316,229,325
238,229,316,228
238,237,153,228
238,153,229,228
40,94,36,37
40,97,94,37
40,35,87,92
40,36,87,35
40,36,94,87
40,151,93,92
40,151,97,93
40,94,97,151
40,87,151,92
40,94,151,87
307,220,211,306
307,211,296,306
307,316,220,306
307,316,221,220
307,317,390,400
307,390,391,400
307,390,316,306
307,296,380,306
307,380,390,306
307,317,221,316
307,390,317,316
307,380,296,391
307,390,380,391
305,316,390,306
305,398,390,316
305,219,228,306
305,228,316,306
305,390,380,306
305,379,380,390
305,379,390,464
305,219,306,294
305,306,380,294
305,380,379,294
305,293,219,294
305,379,293,294
463,305,390,464
463,390,305,398
463,379,305,464
463,397,526,472
463,397,462,526
136,74,137,127
136,137,74,146
136,137,146,212
136,202,137,212
136,137,202,127
136,211,201,212
136,201,202,212
136,202,201,127
81,4,25,32
81,25,24,32
81,5,38,32
81,5,89,38
81,80,89,31
81,24,80,31
81,89,5,31
81,5,24,31
81,24,30,32
81,30,5,32
81,24,5,30
126,143,210,135
126,127,201,63
126,136,201,127
126,63,201,200
126,201,210,200
126,210,211,135
126,210,201,211
126,211,136,135
126,201,136,211
88,95,89,94
88,94,89,31
88,153,237,152
88,95,237,153
88,237,95,160
88,95,94,160
88,87,94,31
88,89,80,31
88,237,150,152
88,237,151,150
88,151,94,87
88,151,237,160
88,94,151,160
88,151,87,150
50,49,13,8
50,56,49,110
50,56,13,49
50,104,111,110
50,56,110,57
50,13,56,57
50,110,111,57
264,173,256,180
264,352,256,181
264,256,173,181
264,173,108,181
500,557,564,558
500,444,499,507
500,552,557,558
500,499,494,551
274,360,352,361
274,446,360,361
274,285,446,361
274,446,370,360
274,284,199,295
455,465,447,456
455,391,465,456
455,465,391,464
455,391,380,464
455,465,518,447
455,380,379,464
455,380,370,379
292,197,282,281
292,282,293,281
292,197,281,280
209,293,292,282
209,292,293,207
209,218,143,133
209,143,218,219
209,210,143,219
209,124,199,282
209,219,293,294
209,293,282,294
209,210,219,294
209,199,210,294
209,282,199,294
310,402,309,383
344,257,252,174
344,251,256,174
344,343,256,251
344,339,343,251
344,423,343,339
344,252,257,345
344,257,423,345
344,256,257,174
344,343,257,256
344,423,257,429
344,343,423,429
344,257,343,429
268,267,176,259
266,176,258,175
266,176,267,258
266,258,252,175
266,182,175,181
266,267,353,258
266,182,184,175
266,184,176,175
266,175,183,181
266,183,252,181
266,252,183,175
266,252,257,181
266,257,252,258
266,191,182,181
266,353,257,258
362,276,267,285
362,353,267,259
362,430,353,346
362,353,430,361
362,259,354,346
362,353,259,346
362,371,285,361
362,430,371,361
362,354,431,346
362,431,430,346
399,398,463,472
399,390,463,398
399,390,317,400
399,463,390,464
399,316,398,325
399,390,398,316
399,317,316,325
399,317,390,316
399,410,482,400
399,317,410,400
222,136,146,212
222,211,136,212
222,296,211,212
222,296,307,211
222,211,307,220
222,307,221,220
222,220,221,154
298,310,309,383
298,203,214,299
298,287,203,299
298,213,214,203
298,287,213,203
298,288,287,299
298,372,288,299
298,372,287,288
373,372,298,299
373,288,372,299
373,372,457,383
373,457,384,383
373,364,372,288
393,467,402,383
393,384,467,383
393,402,310,383
393,373,384,383
393,298,310,299
393,310,298,383
393,373,298,299
393,298,372,383
393,372,373,383
393,298,373,372
392,382,457,456
392,457,372,383
392,457,382,372
392,307,391,400
392,307,296,391
392,309,401,383
381,296,286,295
381,296,382,286
381,382,285,286
381,286,284,295
381,285,284,286
381,382,371,285
381,380,296,295
381,284,274,295
381,285,274,284
381,371,446,285
381,370,380,295
381,371,382,456
381,446,274,285
381,274,370,295
381,370,274,446
381,370,455,380
381,455,370,446
381,296,380,391
381,447,371,456
381,446,371,447
381,392,391,456
381,382,392,456
381,392,296,391
381,392,382,296
381,391,455,456
381,380,455,391
381,455,447,456
381,455,446,447
508,518,564,557
508,564,500,557
508,507,500,564
508,444,500,507
508,444,507,516
508,453,444,516
508,507,563,516
508,563,507,564
226,235,158,234
226,158,149,234
226,150,149,158
226,159,150,158
226,235,159,158
226,150,237,227
226,237,150,159
304,219,218,227
304,209,207,218
304,209,293,207
304,305,293,219
304,293,292,207
304,209,218,219
304,293,209,219
460,394,386,385
460,386,375,385
322,235,226,234
322,330,329,321
322,329,330,235
322,404,412,321
322,412,330,321
322,321,329,234
322,329,235,234
322,312,404,321
322,320,321,234
322,312,320,234
322,320,312,321
395,404,312,403
395,403,311,394
395,403,312,311
395,386,460,394
395,386,312,302
395,311,300,394
395,300,386,394
395,312,300,311
395,300,312,386
255,341,250,342
255,349,341,342
255,341,349,250
255,250,251,342
255,251,343,342
255,256,343,251
255,349,262,250
255,349,263,262
255,250,172,251
255,172,256,251
255,250,262,180
255,262,263,180
255,264,256,180
255,263,264,180
255,172,250,180
255,256,172,180
350,263,255,349
350,426,358,349
350,358,263,349
350,426,435,434
350,358,426,434
350,263,358,272
350,351,359,435
350,435,359,434
350,359,272,434
350,272,358,434
505,515,506,443
505,554,506,515
505,514,554,515
505,451,515,443
505,451,514,515
505,554,514,504
505,514,451,504
505,451,442,504
505,442,451,443
498,444,499,435
498,506,499,444
498,444,435,434
498,443,444,434
498,506,444,443
498,435,426,434
498,499,493,435
498,493,426,435
498,505,506,443
216,205,140,131
216,149,140,225
122,121,205,131
122,205,121,186
122,121,112,186
122,205,186,279
122,112,121,58
122,112,58,113
122,187,196,279
122,269,187,279
122,186,269,279
122,269,112,187
122,186,112,269
122,187,112,113
122,196,187,113
122,123,196,113
301,140,205,215
301,224,139,215
301,139,140,215
301,139,224,225
301,140,139,225
301,216,225,302
301,216,140,225
301,216,205,140
301,300,224,215
301,224,312,225
301,225,312,302
301,312,386,302
301,300,215,289
301,386,300,289
301,312,300,386
301,224,300,312
290,376,366,280
290,366,279,280
290,205,279,195
290,386,301,289
290,301,215,289
290,301,205,215
290,195,365,289
290,195,279,365
290,279,366,365
290,215,195,289
290,215,205,195
290,375,386,289
290,376,375,366
290,386,375,376
290,365,374,289
290,366,374,365
290,374,375,289
290,375,374,366
77,140,149,148
77,140,216,149
77,216,141,149
77,130,140,148
77,76,130,148
77,216,140,131
77,149,85,148
77,85,76,148
77,78,76,85
77,149,141,86
77,141,78,86
77,140,130,131
77,130,76,131
77,85,149,86
77,78,85,86
61,124,62,133
61,62,124,115
61,53,62,115
61,60,62,53
61,115,124,114
61,124,123,114
547,494,499,551
547,490,494,551
547,499,494,493
547,494,490,493
477,412,404,403
561,554,514,515
561,514,451,515
561,514,513,451
125,48,115,116
125,199,124,198
47,106,46,43
47,46,6,43
47,53,115,54
47,115,48,54
47,10,53,54
47,6,10,54
47,10,6,53
47,107,106,43
47,6,7,43
47,48,7,54
47,7,6,54
47,107,43,44
47,48,107,44
47,43,7,44
47,7,48,44
408,419,480,487
408,487,480,481
416,419,408,487
416,246,333,337
416,338,333,246
416,338,408,333
326,247,338,334
326,338,247,239
326,327,247,334
326,247,327,239
326,327,229,239
326,333,338,239
326,408,333,325
326,408,338,333
326,333,229,325
326,229,333,239
326,229,317,325
326,317,229,327
326,410,327,334
326,410,317,327
326,418,410,334
417,416,408,487
417,408,416,338
417,326,338,334
417,326,408,338
407,480,472,481
407,472,399,481
407,398,399,472
407,399,398,325
407,408,480,481
168,240,247,239
168,162,240,239
168,247,167,239
168,167,162,239
168,240,162,163
168,240,248,247
168,162,96,163
168,241,240,163
168,240,241,248
168,162,99,96
168,162,167,99
155,241,156,163
155,240,241,163
155,221,240,154
155,222,221,154
155,240,163,154
155,163,91,154
155,91,83,154
155,156,91,163
155,146,84,156
155,83,84,146
155,84,91,156
155,83,91,84
0,563,564,584
0,563,571,564
0,564,585,584
570,576,533,569
570,563,0,584
570,576,571,533
570,0,571,576
570,571,563,533
570,571,0,563
540,480,543,486
540,472,480,481
540,480,486,481
540,543,544,486
540,486,545,481
540,486,544,545
540,541,544,534
540,545,541,481
540,544,541,545
539,540,543,544
539,544,580,534
539,540,544,534
577,580,581,534
577,576,580,534
577,571,576,534
577,571,0,576
471,526,472,534
471,526,397,472
471,472,540,534
471,533,526,534
471,540,539,534
471,539,540,543
471,580,533,534
471,539,580,534
406,463,398,472
406,397,463,472
406,398,407,472
406,407,480,472
520,465,519,529
520,567,519,511
520,458,567,511
520,447,465,456
520,519,465,447
520,447,456,511
520,519,447,511
475,529,530,537
475,482,537,483
475,410,482,483
475,482,410,400
475,410,401,400
411,418,410,483
411,418,335,410
411,410,475,483
411,401,475,410
230,240,221,327
230,240,155,221
230,155,240,241
230,155,222,221
230,155,241,156
566,519,567,560
566,560,559,510
566,519,560,510
566,559,519,510
566,559,586,557
566,586,519,557
566,519,559,557
566,573,519,586
574,519,566,573
574,566,519,567
574,520,519,529
574,519,520,567
565,519,586,557
565,518,519,557
565,586,564,557
565,564,518,557
565,519,573,586
565,585,564,586
565,585,0,564
565,0,571,564
509,438,437,446
509,508,500,557
509,438,446,447
509,447,518,510
509,438,447,510
509,510,518,557
509,518,508,557
509,455,518,447
509,446,455,447
448,512,458,511
448,456,371,511
448,458,520,511
448,457,520,458
448,520,456,511
448,520,457,456
448,457,382,456
448,382,371,456
448,382,457,372
439,438,371,430
439,430,362,431
439,371,362,430
439,448,371,511
439,371,438,511
439,431,362,354
439,503,512,511
439,512,448,511
501,438,509,510
501,552,553,510
501,552,548,553
501,437,438,495
501,509,438,437
501,510,509,557
501,509,500,557
501,494,437,495
501,552,510,557
501,500,552,557
501,548,494,495
501,548,552,551
501,494,548,551
501,552,500,551
501,500,494,551
208,218,209,133
208,207,209,218
208,209,124,133
208,124,61,133
208,123,61,124
208,123,124,197
208,292,209,207
208,197,124,282
208,124,209,282
208,292,197,282
208,209,292,282
206,196,197,280
206,123,197,196
206,122,123,196
206,197,292,280
206,279,196,280
206,122,196,279
206,123,208,197
206,208,292,197
206,205,122,279
206,292,208,207
206,205,216,131
206,122,205,131
206,123,122,131
134,115,62,116
134,124,62,115
134,125,115,116
134,125,124,115
134,200,125,116
134,143,62,133
134,62,124,133
134,199,125,200
134,124,125,199
134,209,143,133
134,124,209,133
134,210,199,200
134,63,200,116
134,63,126,200
134,126,210,200
134,126,143,210
134,143,209,210
134,209,199,210
134,209,124,199
23,16,22,2
23,22,16,15
23,60,22,15
23,62,60,53
23,16,53,15
23,53,60,15
71,55,63,116
71,55,25,63
71,63,134,116
71,134,62,116
71,126,134,63
71,62,134,143
71,25,64,63
71,134,126,143
71,24,81,25
71,81,24,80
525,462,397,526
525,526,471,533
525,397,471,526
525,462,470,397
388,469,470,396
388,404,469,396
388,404,395,469
117,109,48,49
117,109,108,48
117,108,125,48
117,109,49,110
117,49,48,116
117,48,125,116
117,125,108,200
117,125,200,116
117,108,191,200
117,191,182,110
117,182,109,110
117,191,108,182
117,108,109,182
117,200,63,116
117,63,49,116
117,191,118,200
117,118,191,110
117,118,63,200
117,56,118,110
117,49,56,110
117,118,56,63
117,56,49,63
413,415,414,485
413,415,336,414
413,484,415,485
315,238,228,227
315,304,314,227
315,238,316,228
315,228,219,227
315,305,219,228
315,316,305,228
315,398,305,316
315,219,304,227
315,305,304,219
315,398,316,325
315,316,238,325
161,245,238,333
161,333,229,239
161,238,229,333
161,246,333,239
161,167,246,239
161,162,167,239
161,249,245,333
161,229,162,239
161,249,333,246
161,167,249,246
161,249,167,98
161,162,229,153
161,229,238,153
161,167,99,98
161,167,162,99
161,95,153,160
161,95,162,153
161,153,237,160
161,238,237,153
161,237,245,160
161,238,245,237
161,99,95,98
161,162,95,99
161,95,160,98
161,160,166,98
161,166,249,98
161,245,166,160
161,245,249,166
389,462,463,397
389,463,305,398
389,463,462,379
389,305,463,379
389,304,305,293
389,293,305,379
389,463,406,397
389,305,315,398
389,406,463,398
389,315,304,314
389,304,315,305
389,314,388,396
389,470,462,397
389,406,314,396
389,397,406,396
389,315,406,398
389,406,315,314
389,470,397,396
389,388,470,396
145,74,83,146
145,136,74,146
145,222,136,146
145,83,155,146
145,155,222,146
145,155,83,154
145,222,155,154
145,220,222,154
145,83,90,154
145,211,222,220
145,136,222,211
145,135,211,220
145,136,211,135
33,81,38,32
33,4,81,32
72,74,136,127
72,136,126,127
72,64,74,127
72,145,136,74
72,64,127,63
72,127,126,63
72,126,136,135
72,136,145,135
72,71,64,63
72,126,71,63
72,64,71,25
72,71,81,25
72,81,71,80
72,71,143,80
72,71,126,143
72,80,143,135
72,143,126,135
45,109,49,8
45,49,50,8
45,109,104,110
45,104,50,110
45,48,8,44
45,109,48,44
45,48,109,8
45,104,109,103
45,49,109,110
45,50,49,110
45,102,109,44
45,109,102,103
188,263,264,198
188,263,179,180
188,179,178,114
188,197,198,114
188,178,196,114
188,262,178,179
188,263,262,179
188,196,197,114
188,263,198,272
188,198,197,272
188,178,262,261
188,262,263,261
188,197,196,271
188,271,263,272
188,197,271,272
188,263,271,261
188,271,196,261
188,196,178,261
190,108,191,181
190,264,108,181
190,352,264,181
190,108,264,198
190,125,199,200
190,199,125,198
190,125,108,198
190,191,108,200
190,108,125,200
190,199,284,200
190,284,191,200
190,199,274,284
454,455,379,464
454,453,462,379
454,379,463,464
454,462,463,379
454,463,526,464
454,463,462,526
454,526,527,464
454,465,455,464
454,527,465,464
454,455,465,518
454,465,527,518
454,509,455,518
454,508,509,518
223,298,214,299
223,310,298,299
223,214,213,147
223,298,213,214
223,298,310,309
328,241,240,248
328,230,240,241
328,335,248,327
328,248,240,327
328,240,230,327
355,276,364,277
355,268,276,277
355,362,276,267
355,267,268,259
355,276,268,267
355,354,362,259
355,362,267,259
193,267,276,275
193,268,276,267
193,194,268,185
193,268,194,277
193,276,268,277
193,194,185,119
193,128,194,119
193,287,194,128
193,277,194,287
193,276,277,287
193,275,202,119
193,202,128,119
193,202,287,128
193,276,286,275
193,276,287,286
193,286,202,275
193,287,202,286
192,176,266,184
192,266,176,267
192,176,184,185
192,268,176,185
192,176,268,267
192,267,193,275
192,193,268,185
192,268,193,267
192,184,266,182
192,266,191,182
192,275,193,119
192,193,185,119
192,185,111,119
192,184,111,185
192,118,275,119
192,118,191,275
192,184,182,110
192,182,191,110
192,111,110,119
192,111,184,110
192,110,118,119
192,191,118,110
265,353,266,267
265,362,267,285
265,362,353,267
265,285,267,275
265,362,285,361
265,353,362,361
265,267,192,275
265,266,192,267
265,285,274,361
265,352,353,361
265,284,285,275
265,191,284,275
265,192,191,275
265,192,266,191
265,274,352,361
265,257,353,352
265,266,353,257
265,274,285,284
265,257,352,181
265,266,257,181
265,191,190,284
265,190,274,284
265,274,190,352
265,191,266,181
265,190,191,181
265,352,190,181
363,276,362,285
363,362,371,285
363,382,276,285
363,371,382,285
363,371,448,382
363,362,439,371
363,439,448,371
363,276,382,372
363,382,448,372
363,364,355,276
363,355,362,276
363,364,276,372
363,355,364,354
363,362,355,354
363,439,362,354
466,392,457,456
466,457,520,456
466,520,465,456
466,465,520,529
466,465,391,456
466,391,392,456
466,457,392,383
466,392,401,383
466,392,391,400
466,467,457,383
466,401,467,383
466,401,392,400
466,475,401,400
466,530,475,529
297,382,392,296
297,392,382,372
297,286,296,212
297,382,296,286
297,296,222,212
297,372,382,287
297,298,372,287
297,372,298,383
297,392,372,383
297,287,286,212
297,287,382,286
297,213,287,212
297,213,298,287
297,298,309,383
297,309,392,383
236,235,331,159
236,226,235,159
236,237,226,159
236,314,226,227
236,315,314,227
236,331,245,159
236,245,237,159
236,226,237,227
236,245,238,237
236,237,238,227
236,238,315,227
217,226,314,227
217,314,304,227
217,304,218,227
217,304,207,218
217,225,216,302
217,216,207,302
217,218,150,227
217,150,226,227
217,207,141,218
217,149,225,234
217,226,149,234
217,149,216,225
217,218,141,150
217,141,216,149
217,216,141,207
217,141,149,150
217,149,226,150
387,451,375,452
387,451,460,375
387,375,376,452
387,470,388,469
387,375,386,376
387,375,460,386
387,395,460,469
387,388,395,469
387,376,386,302
387,460,395,386
387,386,395,302
387,395,388,302
323,314,406,396
323,236,235,331
323,336,415,331
323,330,336,331
323,235,330,331
323,322,330,235
323,413,415,336
323,330,413,336
323,226,322,235
323,236,226,235
323,226,236,314
427,349,255,342
427,350,255,349
427,421,349,342
427,255,343,342
427,255,350,343
427,422,421,342
427,426,349,421
427,426,350,349
427,422,493,421
427,493,426,421
427,343,339,342
427,339,422,342
427,493,422,428
427,426,493,435
427,350,426,435
427,339,343,428
427,422,339,428
427,343,351,428
427,343,350,351
427,351,493,428
427,493,351,435
427,351,350,435
273,352,343,256
273,264,352,256
273,351,343,352
273,350,343,351
273,350,255,343
273,343,255,256
273,255,264,256
273,351,352,360
273,264,190,352
273,263,350,272
273,264,255,263
273,255,350,263
273,359,351,360
273,350,351,359
273,190,264,198
273,350,359,272
273,198,263,272
273,264,263,198
433,498,426,434
433,357,348,425
433,348,426,425
433,358,348,357
433,426,358,434
433,358,426,348
433,432,357,425
433,497,432,425
433,442,367,357
433,443,498,434
433,358,367,434
433,367,358,357
433,432,442,357
433,498,505,497
433,367,443,434
433,367,442,443
433,442,505,443
433,505,498,443
433,442,432,504
433,505,442,504
433,432,497,504
433,497,505,504
59,121,122,131
59,122,121,58
59,121,131,67
59,58,121,67
59,122,123,131
59,122,58,113
59,123,122,113
59,14,58,67
59,58,51,113
59,58,14,51
68,77,141,78
68,22,60,21
68,76,77,78
68,22,21,28
68,21,76,28
68,76,78,28
68,76,21,67
68,60,14,21
68,59,14,60
68,59,131,67
68,131,76,67
68,77,76,131
68,21,14,67
68,14,59,67
52,60,53,9
52,60,61,53
52,59,61,60
52,53,61,115
52,14,60,9
52,14,59,60
52,53,6,9
52,47,6,53
52,47,106,46
52,47,53,115
52,106,47,115
52,106,114,113
52,106,115,114
52,115,61,114
52,51,14,9
52,59,14,51
52,59,51,113
52,123,59,113
52,61,59,123
52,6,46,9
52,6,47,46
52,46,51,9
52,51,46,113
52,46,106,113
52,114,123,113
52,61,123,114
549,555,506,554
549,505,497,504
549,554,505,504
549,506,505,554
549,505,498,497
549,498,505,506
492,426,420,425
492,426,421,420
492,497,433,425
492,433,426,425
492,498,433,497
492,433,498,426
492,426,498,493
556,564,585,558
556,585,564,584
556,507,555,584
556,564,507,584
556,500,564,558
556,500,507,564
459,394,460,385
459,375,374,385
459,374,375,450
459,460,375,385
459,451,513,450
459,460,513,451
459,375,451,450
459,460,451,375
468,403,395,394
468,477,404,403
468,404,477,469
468,395,460,394
468,460,395,469
468,404,395,403
468,395,404,469
562,555,554,515
562,554,561,515
562,563,555,515
562,555,563,584
562,563,570,584
524,568,561,569
524,561,562,569
524,562,561,515
524,563,562,515
524,563,525,533
524,563,515,516
524,525,563,516
524,562,570,569
524,570,562,563
524,570,533,569
524,570,563,533
189,108,125,198
189,264,108,198
189,48,108,107
189,125,108,48
189,198,124,114
189,125,124,198
189,125,48,115
189,188,264,198
189,179,107,180
189,107,173,180
189,107,108,173
189,173,264,180
189,108,264,173
189,179,188,114
189,188,198,114
189,106,179,114
189,106,107,179
189,124,115,114
189,124,125,115
189,115,106,114
189,48,47,115
189,47,48,107
189,188,179,180
189,47,106,115
189,106,47,107
189,264,263,180
189,263,188,180
189,264,188,263
409,418,482,410
409,488,482,418
409,417,488,418
409,482,488,481
409,399,482,481
409,482,399,410
409,326,418,410
409,488,487,481
409,488,417,487
409,417,326,408
409,418,326,334
409,417,418,334
409,326,417,334
409,487,408,481
409,417,408,487
409,399,317,410
409,317,326,410
409,407,399,481
409,408,407,481
409,408,326,325
409,317,399,325
409,326,317,325
409,399,407,325
409,407,408,325
536,529,475,537
536,475,482,537
536,537,482,542
536,582,537,542
536,482,541,542
536,541,582,542
479,480,540,472
479,540,471,472
479,471,397,472
479,543,540,480
479,471,540,543
479,406,480,472
479,397,406,472
479,484,543,485
479,543,480,485
479,538,543,484
479,406,415,480
479,406,397,396
479,415,484,485
479,480,415,485
479,539,471,543
479,538,539,543
479,538,471,539
532,525,470,397
532,471,525,397
532,525,471,533
532,524,525,533
532,524,533,569
532,568,524,569
332,333,408,325
332,408,407,325
332,407,408,480
332,333,245,337
332,245,331,337
332,415,414,331
332,416,408,333
332,415,480,414
332,331,414,337
332,416,333,337
332,414,416,337
332,419,416,414
332,408,416,419
332,480,419,414
332,408,419,480
476,475,411,401
476,466,401,467
476,466,475,401
476,401,402,467
476,401,411,402
476,530,466,467
476,475,466,530
476,411,475,483
476,475,537,483
476,475,530,537
318,401,411,410
318,411,335,410
318,401,410,400
318,410,335,327
318,410,317,400
318,317,410,327
318,335,328,327
318,328,230,327
318,221,317,327
318,230,221,327
579,529,536,537
579,536,582,537
579,530,529,537
579,530,574,529
579,536,578,582
521,466,530,467
521,520,458,567
521,574,520,567
521,574,530,529
521,520,574,529
521,384,457,467
521,457,384,458
521,520,457,458
521,457,466,467
521,520,466,457
521,530,466,529
521,466,520,529
572,0,577,571
572,565,0,571
572,0,565,585
572,565,578,573
572,565,573,586
572,585,565,586
436,500,508,444
436,509,508,500
436,499,500,444
436,494,500,499
436,501,500,494
436,501,509,500
436,444,359,435
436,499,444,435
436,494,499,435
436,437,501,494
436,509,501,437
436,351,494,435
436,437,494,351
436,437,351,360
436,359,351,435
436,351,359,360
436,446,437,360
436,509,437,446
449,373,457,384
449,384,457,458
449,457,448,458
449,457,373,372
449,448,457,372
449,373,364,372
449,458,448,512
449,364,363,372
449,363,448,372
502,501,553,510
502,438,501,510
502,560,553,503
502,553,560,510
502,438,510,511
502,553,496,503
502,501,438,495
502,560,503,511
502,510,560,511
502,503,439,511
502,439,438,511
502,548,496,553
502,496,548,495
502,501,548,553
502,548,501,495
502,430,496,495
502,438,430,495
502,438,439,430
502,496,431,503
502,496,430,431
502,431,439,503
502,430,439,431
291,290,301,205
291,376,290,280
291,290,205,279
291,205,206,279
291,216,206,205
291,292,376,280
291,206,292,280
291,290,279,280
291,279,206,280
291,216,301,302
291,301,216,205
291,386,376,302
291,386,290,376
291,301,386,302
291,301,290,386
291,207,216,302
291,206,216,207
291,292,206,207
70,80,24,31
70,62,143,133
70,71,24,80
70,143,71,80
70,62,71,143
17,62,53,54
17,62,23,53
17,1,55,54
17,62,54,116
17,71,62,116
17,53,10,54
17,10,1,54
17,53,23,16
17,23,70,24
17,70,23,62
17,54,55,116
17,55,71,116
17,71,55,25
17,24,71,25
17,70,71,24
17,71,70,62
17,10,53,16
17,1,10,16
17,1,16,3
17,24,25,3
17,2,24,3
17,23,24,2
17,25,55,18
17,55,1,18
17,16,2,3
17,16,23,2
17,25,18,3
17,18,1,3
461,462,525,453
461,470,525,462
461,453,525,516
461,368,453,516
461,524,515,516
461,525,524,516
461,368,443,452
461,443,368,516
461,451,387,452
461,515,443,516
461,443,451,452
461,515,451,443
313,322,404,396
313,404,388,396
313,388,314,396
313,404,322,312
313,314,323,396
313,323,322,396
313,395,404,312
313,395,388,404
313,226,323,314
313,322,323,226
313,395,312,302
313,388,395,302
313,312,322,234
313,322,226,234
313,225,312,234
313,312,225,302
313,226,217,234
313,217,226,314
313,217,225,234
313,225,217,302
73,74,64,26
73,74,72,64
73,64,72,25
73,4,64,25
73,74,26,34
73,26,33,34
73,33,26,4
73,4,26,19
73,64,4,19
73,26,64,19
73,72,81,25
73,81,4,25
73,81,33,4
144,80,72,135
144,72,145,135
144,90,95,153
144,89,95,90
144,88,89,80
144,90,153,154
144,145,90,154
144,80,135,152
144,135,145,220
144,95,88,153
144,89,88,95
144,153,88,152
144,88,80,152
144,153,220,154
144,220,145,154
144,135,228,152
144,228,153,152
144,228,135,220
144,153,228,220
283,352,274,360
283,190,274,352
283,273,352,360
283,273,190,352
283,274,190,199
283,274,370,360
283,199,190,198
283,190,273,198
283,199,370,295
283,274,199,295
283,370,274,295
283,273,359,272
283,359,273,360
283,198,273,272
283,370,359,360
283,282,198,272
283,282,199,198
283,359,369,272
283,359,370,369
283,369,282,272
283,199,282,294
283,370,199,294
283,282,369,294
283,369,370,294
445,508,454,453
445,509,454,508
445,436,509,508
445,508,453,444
445,436,508,444
445,453,454,379
445,454,509,455
445,359,436,444
445,509,436,446
445,379,370,369
445,453,379,369
445,455,370,379
445,454,455,379
445,370,455,446
445,455,509,446
445,359,444,368
445,444,453,368
445,370,359,369
445,359,370,360
445,436,359,360
445,370,446,360
445,446,436,360
445,369,359,368
445,453,369,368
517,454,508,453
517,571,563,564
517,563,508,564
517,563,571,533
517,525,563,533
517,508,563,516
517,563,525,516
517,508,518,564
517,508,454,518
517,571,526,533
517,526,525,533
517,571,527,526
517,527,454,526
517,462,525,526
517,454,462,526
517,453,508,516
517,525,453,516
517,525,462,453
517,462,454,453
517,518,565,564
517,565,571,564
517,565,527,571
517,527,565,518
517,454,527,518
232,223,310,309
232,230,328,241
232,230,241,156
231,232,230,309
231,223,232,309
231,223,298,213
231,298,223,309
231,232,223,147
231,298,297,213
231,297,298,309
231,213,297,212
231,297,222,212
231,146,213,212
231,222,146,212
231,213,146,147
231,223,213,147
231,222,155,146
231,230,155,222
231,156,232,147
231,155,230,156
231,230,232,156
231,146,156,147
231,146,155,156
405,404,322,396
405,322,323,396
405,322,404,412
405,330,322,412
405,323,322,330
405,412,477,484
405,404,477,412
405,323,406,396
405,406,323,415
405,323,413,415
405,413,330,412
405,413,323,330
405,479,415,484
405,413,412,484
405,415,413,484
405,406,479,396
405,479,406,415
69,68,141,78
69,61,68,60
69,62,70,133
69,23,70,62
69,23,60,22
69,60,68,22
69,78,22,28
69,22,68,28
69,68,78,28
69,61,62,133
69,62,61,60
69,23,62,60
550,549,555,506
550,555,556,507
550,499,506,507
550,506,555,507
489,490,422,493
489,547,490,493
489,493,422,421
489,492,498,493
489,426,493,421
489,492,426,421
489,426,492,493
546,489,492,498
546,549,498,497
546,498,492,497
546,550,547,499
546,498,549,506
546,549,550,506
546,489,498,493
546,547,489,493
546,498,499,493
546,499,547,493
546,498,506,499
546,506,550,499
583,552,500,558
583,500,552,551
583,500,556,558
583,547,499,551
583,547,550,499
583,499,500,551
583,556,500,507
583,550,556,507
583,500,499,507
583,499,550,507
522,460,459,394
522,468,460,394
522,459,460,513
522,460,468,469
531,468,477,469
531,532,568,469
531,568,522,469
531,522,468,469
474,536,465,529
474,475,536,529
474,465,466,529
474,466,475,529
474,475,466,400
474,482,475,400
474,536,475,482
474,466,391,400
474,466,465,391
474,391,465,464
474,465,527,464
474,536,527,465
474,399,482,400
474,391,390,400
474,390,391,464
474,390,399,400
474,399,390,464
535,527,565,571
535,565,572,571
535,578,572,565
535,582,536,541
535,578,536,582
535,526,571,534
535,527,571,526
535,571,577,534
535,572,577,571
535,572,578,577
535,581,541,534
535,581,582,541
535,578,582,581
535,577,581,534
535,577,578,581
478,477,538,484
478,538,479,484
478,405,477,484
478,479,405,484
478,405,479,396
478,531,477,469
478,531,538,477
478,404,405,396
478,477,405,404
478,532,531,469
478,531,532,538
478,469,404,396
478,477,404,469
478,479,538,471
478,538,532,471
478,470,469,396
478,470,532,469
478,479,397,396
478,479,471,397
478,471,532,397
478,397,470,396
478,532,470,397
523,532,470,469
523,568,532,469
523,524,532,568
523,532,525,470
523,532,524,525
523,470,387,469
523,461,387,470
523,525,461,470
523,524,461,525
523,387,460,469
523,451,461,515
523,461,524,515
523,460,387,451
523,387,461,451
523,561,451,515
523,524,561,515
523,513,460,451
523,522,568,469
523,460,522,469
523,561,513,451
523,561,568,513
523,561,524,568
523,568,522,513
523,522,460,513
324,323,406,415
324,415,332,331
324,323,415,331
324,236,323,331
324,406,323,314
324,323,236,314
324,415,406,480
324,406,407,480
324,332,415,480
324,407,332,480
324,332,407,325
324,245,236,331
324,332,245,331
324,315,236,238
324,238,236,245
324,315,406,314
324,236,315,314
324,407,398,325
324,407,406,398
324,315,238,325
324,238,333,325
324,333,332,325
324,238,245,333
324,245,332,333
324,398,315,325
324,406,315,398
319,318,411,335
319,328,318,335
319,411,401,402
319,411,318,401
319,401,309,402
319,401,318,309
319,309,310,402
319,318,230,309
319,318,328,230
319,232,310,309
319,230,232,309
319,328,232,230
308,307,317,221
308,317,318,221
308,317,307,400
308,318,317,400
308,222,307,221
308,318,230,221
308,230,318,309
308,307,392,400
308,230,222,221
308,392,297,309
308,401,392,309
308,318,401,309
308,392,401,400
308,401,318,400
308,231,230,309
308,230,231,222
308,297,231,309
308,231,297,222
308,307,222,296
308,222,297,296
308,392,307,296
308,297,392,296
440,439,363,354
440,363,364,354
440,363,449,364
440,363,439,448
440,449,363,448
440,512,439,503
440,448,439,512
440,449,448,512
440,439,431,503
440,431,439,354
79,70,23,24
79,24,23,2
79,70,24,31
79,70,69,23
79,29,30,2
79,30,24,2
79,22,29,2
79,23,22,2
79,31,24,30
79,23,69,22
79,29,36,30
79,36,31,30
79,69,78,22
79,87,36,29
79,36,87,31
79,35,87,29
79,78,35,29
79,78,87,35
79,29,22,28
79,78,29,28
79,22,78,28
377,368,461,452
377,461,387,452
377,387,376,452
377,367,368,452
377,367,281,368
377,292,293,281
377,376,367,452
377,376,292,280
377,292,281,280
377,281,369,368
377,281,293,369
377,367,376,280
377,281,367,280
82,89,81,80
82,144,89,80
82,81,72,80
82,72,144,80
82,89,144,90
82,73,72,81
82,38,90,39
82,89,90,38
82,81,89,38
82,145,83,90
82,144,145,90
82,72,73,74
82,144,72,145
82,90,83,39
82,33,73,81
82,33,38,39
82,33,81,38
82,145,74,83
82,145,72,74
82,83,74,34
82,74,73,34
82,39,83,34
82,33,39,34
82,73,33,34
132,69,68,141
132,69,141,133
132,68,69,61
132,77,68,131
132,68,77,141
132,141,218,133
132,218,208,133
132,208,61,133
132,61,69,133
132,61,208,123
132,206,216,131
132,123,206,131
132,208,206,123
132,216,77,131
132,77,216,141
132,59,123,131
132,68,59,131
132,141,207,218
132,207,208,218
132,59,61,123
132,141,216,207
132,216,206,207
132,206,208,207
132,61,59,60
132,68,61,60
132,59,68,60
575,532,531,538
575,568,532,569
575,531,532,568
575,533,576,569
575,532,533,569
575,471,538,539
575,532,538,471
575,576,533,580
575,532,471,533
575,533,471,580
575,471,539,580
473,399,474,464
473,474,527,464
473,463,399,464
473,526,463,464
473,527,526,464
473,474,399,482
473,474,536,527
473,463,526,472
473,399,463,472
473,399,472,481
473,541,482,481
473,482,399,481
473,536,482,541
473,536,474,482
473,535,536,541
473,536,535,527
473,540,541,481
473,472,540,481
473,472,526,534
473,527,535,526
473,541,540,534
473,540,472,534
473,535,541,534
473,526,535,534
528,565,535,527
528,565,519,573
528,535,536,527
528,578,565,573
528,578,535,565
528,519,565,518
528,565,527,518
528,579,578,573
528,519,574,573
528,574,519,529
528,519,465,529
528,465,519,518
528,527,465,518
528,536,579,529
528,465,536,529
528,527,536,465
528,578,579,536
528,535,578,536
528,574,579,573
528,579,574,529
142,79,87,31
142,70,79,31
142,87,88,31
142,69,79,70
142,88,80,31
142,80,70,31
142,79,78,87
142,79,69,78
142,80,88,152
142,88,150,152
142,88,87,150
142,69,141,78
142,141,69,133
142,69,70,133
142,143,80,152
142,143,70,80
142,150,218,152
142,218,143,152
142,141,218,150
142,218,141,133
142,87,78,86
142,78,141,86
142,143,218,133
142,70,143,133
142,150,87,86
142,141,150,86
303,376,387,302
303,377,387,376
303,292,377,376
303,387,388,302
303,291,376,302
303,291,292,376
303,207,291,302
303,292,291,207
303,304,292,207
303,292,304,293
303,377,292,293
303,217,207,302
303,217,304,207
303,304,217,314
303,388,313,302
303,313,388,314
303,389,304,314
303,388,389,314
303,304,389,293
303,313,217,302
303,217,313,314
378,470,461,462
378,389,470,462
378,462,461,453
378,387,461,470
378,377,461,387
378,389,388,470
378,453,461,368
378,461,377,368
378,388,387,470
378,293,389,379
378,389,462,379
378,303,389,293
378,377,303,293
378,389,303,388
378,379,453,369
378,462,453,379
378,369,453,368
378,377,369,368
378,303,387,388
378,303,377,387
378,293,379,369
378,377,293,369
